Linux 6.18.33+rpt-rpi-v8 (RaspberryPi4) 	16/06/26 	_aarch64_	(4 CPU)

23:59:34     CPU    %usr   %nice    %sys %iowait    %irq   %soft  %steal  %guest  %gnice   %idle
23:59:39     all    0.85    0.00    0.50    0.00    0.00    0.05    0.00    0.00    0.00   98.60
23:59:39       0    1.20    0.00    0.60    0.00    0.00    0.00    0.00    0.00    0.00   98.19
23:59:39       1    1.00    0.00    0.60    0.00    0.00    0.20    0.00    0.00    0.00   98.20
23:59:39       2    0.40    0.00    0.20    0.00    0.00    0.00    0.00    0.00    0.00   99.39
23:59:39       3    0.80    0.00    0.60    0.00    0.00    0.00    0.00    0.00    0.00   98.60

23:59:39     CPU    %usr   %nice    %sys %iowait    %irq   %soft  %steal  %guest  %gnice   %idle
23:59:44     all   12.96    0.00    1.77    0.15    0.00    0.10    0.00    0.00    0.00   85.01
23:59:44       0    9.92    0.00    1.82    0.20    0.00    0.40    0.00    0.00    0.00   87.65
23:59:44       1    8.94    0.00    1.63    0.00    0.00    0.00    0.00    0.00    0.00   89.43
23:59:44       2   19.59    0.00    1.63    0.00    0.00    0.00    0.00    0.00    0.00   78.78
23:59:44       3   13.43    0.00    2.00    0.40    0.00    0.00    0.00    0.00    0.00   84.17

23:59:44     CPU    %usr   %nice    %sys %iowait    %irq   %soft  %steal  %guest  %gnice   %idle
23:59:49     all    6.21    0.00    1.11    0.10    0.00    0.10    0.00    0.00    0.00   92.48
23:59:49       0    5.06    0.00    1.42    0.00    0.00    0.00    0.00    0.00    0.00   93.52
23:59:49       1   10.38    0.00    1.00    0.00    0.00    0.20    0.00    0.00    0.00   88.42
23:59:49       2    4.84    0.00    1.21    0.40    0.00    0.20    0.00    0.00    0.00   93.35
23:59:49       3    4.48    0.00    0.81    0.00    0.00    0.00    0.00    0.00    0.00   94.70

23:59:49     CPU    %usr   %nice    %sys %iowait    %irq   %soft  %steal  %guest  %gnice   %idle
23:59:54     all    8.87    0.00    1.11    0.10    0.00    0.15    0.00    0.00    0.00   89.77
23:59:54       0    7.23    0.00    1.61    0.00    0.00    0.20    0.00    0.00    0.00   90.96
23:59:54       1   11.79    0.00    1.02    0.00    0.00    0.00    0.00    0.00    0.00   87.20
23:59:54       2   10.00    0.00    1.20    0.00    0.00    0.20    0.00    0.00    0.00   88.60
23:59:54       3    6.46    0.00    0.61    0.40    0.00    0.20    0.00    0.00    0.00   92.32

23:59:54     CPU    %usr   %nice    %sys %iowait    %irq   %soft  %steal  %guest  %gnice   %idle
23:59:59     all    0.80    0.00    0.35    0.05    0.00    0.05    0.00    0.00    0.00   98.75
23:59:59       0    0.60    0.00    0.40    0.00    0.00    0.20    0.00    0.00    0.00   98.80
23:59:59       1    1.61    0.00    0.60    0.00    0.00    0.00    0.00    0.00    0.00   97.79
23:59:59       2    0.40    0.00    0.00    0.00    0.00    0.00    0.00    0.00    0.00   99.60
23:59:59       3    0.60    0.00    0.40    0.20    0.00    0.00    0.00    0.00    0.00   98.80

23:59:59     CPU    %usr   %nice    %sys %iowait    %irq   %soft  %steal  %guest  %gnice   %idle
00:00:04     all    2.86    0.00    0.50    0.00    0.00    0.00    0.00    0.00    0.00   96.64
00:00:04       0    2.82    0.00    0.60    0.00    0.00    0.00    0.00    0.00    0.00   96.58
00:00:04       1    5.22    0.00    0.20    0.00    0.00    0.00    0.00    0.00    0.00   94.58
00:00:04       2    1.61    0.00    0.40    0.00    0.00    0.00    0.00    0.00    0.00   97.99
00:00:04       3    1.80    0.00    0.80    0.00    0.00    0.00    0.00    0.00    0.00   97.39

00:00:04     CPU    %usr   %nice    %sys %iowait    %irq   %soft  %steal  %guest  %gnice   %idle
00:00:09     all    0.25    0.00    0.05    0.00    0.00    0.00    0.00    0.00    0.00   99.70
00:00:09       0    0.60    0.00    0.00    0.00    0.00    0.00    0.00    0.00    0.00   99.40
00:00:09       1    0.00    0.00    0.20    0.00    0.00    0.00    0.00    0.00    0.00   99.80
00:00:09       2    0.40    0.00    0.00    0.00    0.00    0.00    0.00    0.00    0.00   99.60
00:00:09       3    0.00    0.00    0.00    0.00    0.00    0.00    0.00    0.00    0.00  100.00

00:00:09     CPU    %usr   %nice    %sys %iowait    %irq   %soft  %steal  %guest  %gnice   %idle
00:00:14     all    0.25    0.00    0.15    0.00    0.00    0.00    0.00    0.00    0.00   99.60
00:00:14       0    0.60    0.00    0.20    0.00    0.00    0.00    0.00    0.00    0.00   99.20
00:00:14       1    0.00    0.00    0.20    0.00    0.00    0.00    0.00    0.00    0.00   99.80
00:00:14       2    0.40    0.00    0.20    0.00    0.00    0.00    0.00    0.00    0.00   99.40
00:00:14       3    0.00    0.00    0.00    0.00    0.00    0.00    0.00    0.00    0.00  100.00

00:00:14     CPU    %usr   %nice    %sys %iowait    %irq   %soft  %steal  %guest  %gnice   %idle
00:00:19     all    0.30    0.00    0.05    0.00    0.00    0.00    0.00    0.00    0.00   99.65
00:00:19       0    0.80    0.00    0.00    0.00    0.00    0.00    0.00    0.00    0.00   99.20
00:00:19       1    0.00    0.00    0.00    0.00    0.00    0.00    0.00    0.00    0.00  100.00
00:00:19       2    0.40    0.00    0.20    0.00    0.00    0.00    0.00    0.00    0.00   99.40
00:00:19       3    0.00    0.00    0.00    0.00    0.00    0.00    0.00    0.00    0.00  100.00

00:00:19     CPU    %usr   %nice    %sys %iowait    %irq   %soft  %steal  %guest  %gnice   %idle
00:00:24     all    1.95    0.00    1.20    0.05    0.00    0.00    0.00    0.00    0.00   96.80
00:00:24       0    1.40    0.00    1.00    0.00    0.00    0.00    0.00    0.00    0.00   97.60
00:00:24       1    1.00    0.00    0.80    0.00    0.00    0.00    0.00    0.00    0.00   98.20
00:00:24       2    4.77    0.00    1.59    0.00    0.00    0.00    0.00    0.00    0.00   93.64
00:00:24       3    0.60    0.00    1.40    0.20    0.00    0.00    0.00    0.00    0.00   97.80

00:00:24     CPU    %usr   %nice    %sys %iowait    %irq   %soft  %steal  %guest  %gnice   %idle
00:00:29     all    0.10    0.00    0.00    0.05    0.00    0.00    0.00    0.00    0.00   99.85
00:00:29       0    0.20    0.00    0.00    0.00    0.00    0.00    0.00    0.00    0.00   99.80
00:00:29       1    0.20    0.00    0.00    0.00    0.00    0.00    0.00    0.00    0.00   99.80
00:00:29       2    0.00    0.00    0.00    0.00    0.00    0.00    0.00    0.00    0.00  100.00
00:00:29       3    0.00    0.00    0.00    0.20    0.00    0.00    0.00    0.00    0.00   99.80

00:00:29     CPU    %usr   %nice    %sys %iowait    %irq   %soft  %steal  %guest  %gnice   %idle
00:00:34     all    0.30    0.00    0.05    0.00    0.00    0.00    0.00    0.00    0.00   99.65
00:00:34       0    0.40    0.00    0.00    0.00    0.00    0.00    0.00    0.00    0.00   99.60
00:00:34       1    0.79    0.00    0.20    0.00    0.00    0.00    0.00    0.00    0.00   99.01
00:00:34       2    0.00    0.00    0.00    0.00    0.00    0.00    0.00    0.00    0.00  100.00
00:00:34       3    0.00    0.00    0.00    0.00    0.00    0.00    0.00    0.00    0.00  100.00

Average:     CPU    %usr   %nice    %sys %iowait    %irq   %soft  %steal  %guest  %gnice   %idle
Average:     all    2.96    0.00    0.57    0.04    0.00    0.04    0.00    0.00    0.00   96.39
Average:       0    2.56    0.00    0.63    0.02    0.00    0.07    0.00    0.00    0.00   96.73
Average:       1    3.39    0.00    0.53    0.00    0.00    0.03    0.00    0.00    0.00   96.04
Average:       2    3.55    0.00    0.55    0.03    0.00    0.03    0.00    0.00    0.00   95.84
Average:       3    2.34    0.00    0.55    0.12    0.00    0.02    0.00    0.00    0.00   96.97
