Linux 6.18.33+rpt-rpi-v8 (RaspberryPi4) 	17/06/26 	_aarch64_	(4 CPU)

00:41:05     CPU    %usr   %nice    %sys %iowait    %irq   %soft  %steal  %guest  %gnice   %idle
00:41:10     all   39.15    0.00   13.32    0.15    0.00    0.15    0.00    0.00    0.00   47.24
00:41:10       0   26.52    0.00   25.10    0.61    0.00    0.61    0.00    0.00    0.00   47.17
00:41:10       1   36.62    0.00   16.10    0.00    0.00    0.00    0.00    0.00    0.00   47.28
00:41:10       2   48.90    0.00    4.81    0.00    0.00    0.00    0.00    0.00    0.00   46.29
00:41:10       3   44.40    0.00    7.40    0.00    0.00    0.00    0.00    0.00    0.00   48.20

00:41:10     CPU    %usr   %nice    %sys %iowait    %irq   %soft  %steal  %guest  %gnice   %idle
00:41:15     all   83.48    0.00   16.32    0.10    0.00    0.05    0.00    0.00    0.00    0.05
00:41:15       0   55.31    0.00   44.29    0.20    0.00    0.20    0.00    0.00    0.00    0.00
00:41:15       1   95.99    0.00    4.01    0.00    0.00    0.00    0.00    0.00    0.00    0.00
00:41:15       2   94.40    0.00    5.60    0.00    0.00    0.00    0.00    0.00    0.00    0.00
00:41:15       3   88.20    0.00   11.40    0.20    0.00    0.00    0.00    0.00    0.00    0.20

00:41:15     CPU    %usr   %nice    %sys %iowait    %irq   %soft  %steal  %guest  %gnice   %idle
00:41:20     all   89.11    0.00   10.69    0.00    0.00    0.10    0.00    0.00    0.00    0.10
00:41:20       0   81.60    0.00   17.80    0.00    0.00    0.40    0.00    0.00    0.00    0.20
00:41:20       1   88.62    0.00   11.18    0.00    0.00    0.00    0.00    0.00    0.00    0.20
00:41:20       2  100.00    0.00    0.00    0.00    0.00    0.00    0.00    0.00    0.00    0.00
00:41:20       3   86.23    0.00   13.77    0.00    0.00    0.00    0.00    0.00    0.00    0.00

00:41:20     CPU    %usr   %nice    %sys %iowait    %irq   %soft  %steal  %guest  %gnice   %idle
00:41:25     all   96.60    0.00    3.05    0.15    0.00    0.10    0.00    0.00    0.00    0.10
00:41:25       0   95.01    0.00    3.99    0.20    0.00    0.40    0.00    0.00    0.00    0.40
00:41:25       1   94.97    0.00    4.83    0.20    0.00    0.00    0.00    0.00    0.00    0.00
00:41:25       2   98.00    0.00    1.80    0.20    0.00    0.00    0.00    0.00    0.00    0.00
00:41:25       3   98.40    0.00    1.60    0.00    0.00    0.00    0.00    0.00    0.00    0.00

00:41:25     CPU    %usr   %nice    %sys %iowait    %irq   %soft  %steal  %guest  %gnice   %idle
00:41:30     all   91.41    0.00    8.49    0.05    0.00    0.00    0.00    0.00    0.00    0.05
00:41:30       0   79.24    0.00   20.36    0.20    0.00    0.00    0.00    0.00    0.00    0.20
00:41:30       1   97.20    0.00    2.80    0.00    0.00    0.00    0.00    0.00    0.00    0.00
00:41:30       2   99.60    0.00    0.40    0.00    0.00    0.00    0.00    0.00    0.00    0.00
00:41:30       3   89.62    0.00   10.38    0.00    0.00    0.00    0.00    0.00    0.00    0.00

00:41:30     CPU    %usr   %nice    %sys %iowait    %irq   %soft  %steal  %guest  %gnice   %idle
00:41:35     all   91.23    0.00    8.57    0.15    0.00    0.05    0.00    0.00    0.00    0.00
00:41:35       0   87.32    0.00   12.07    0.60    0.00    0.00    0.00    0.00    0.00    0.00
00:41:35       1   90.22    0.00    9.58    0.00    0.00    0.20    0.00    0.00    0.00    0.00
00:41:35       2   97.19    0.00    2.81    0.00    0.00    0.00    0.00    0.00    0.00    0.00
00:41:35       3   90.18    0.00    9.82    0.00    0.00    0.00    0.00    0.00    0.00    0.00

00:41:35     CPU    %usr   %nice    %sys %iowait    %irq   %soft  %steal  %guest  %gnice   %idle
00:41:40     all   97.05    0.00    2.85    0.00    0.00    0.10    0.00    0.00    0.00    0.00
00:41:40       0   90.62    0.00    8.98    0.00    0.00    0.40    0.00    0.00    0.00    0.00
00:41:40       1   98.60    0.00    1.40    0.00    0.00    0.00    0.00    0.00    0.00    0.00
00:41:40       2   99.80    0.00    0.20    0.00    0.00    0.00    0.00    0.00    0.00    0.00
00:41:40       3   99.20    0.00    0.80    0.00    0.00    0.00    0.00    0.00    0.00    0.00

00:41:40     CPU    %usr   %nice    %sys %iowait    %irq   %soft  %steal  %guest  %gnice   %idle
00:41:45     all   88.96    0.00   10.89    0.00    0.00    0.10    0.00    0.00    0.00    0.05
00:41:45       0   81.04    0.00   18.56    0.00    0.00    0.40    0.00    0.00    0.00    0.00
00:41:45       1   94.62    0.00    5.18    0.00    0.00    0.00    0.00    0.00    0.00    0.20
00:41:45       2   96.39    0.00    3.61    0.00    0.00    0.00    0.00    0.00    0.00    0.00
00:41:45       3   83.80    0.00   16.20    0.00    0.00    0.00    0.00    0.00    0.00    0.00

00:41:45     CPU    %usr   %nice    %sys %iowait    %irq   %soft  %steal  %guest  %gnice   %idle
00:41:50     all   84.83    0.00   14.96    0.10    0.00    0.05    0.00    0.00    0.00    0.05
00:41:50       0   79.60    0.00   19.80    0.20    0.00    0.20    0.00    0.00    0.00    0.20
00:41:50       1   82.57    0.00   17.43    0.00    0.00    0.00    0.00    0.00    0.00    0.00
00:41:50       2   95.80    0.00    4.00    0.20    0.00    0.00    0.00    0.00    0.00    0.00
00:41:50       3   81.36    0.00   18.64    0.00    0.00    0.00    0.00    0.00    0.00    0.00

00:41:50     CPU    %usr   %nice    %sys %iowait    %irq   %soft  %steal  %guest  %gnice   %idle
00:41:55     all   90.36    0.00    9.49    0.10    0.00    0.05    0.00    0.00    0.00    0.00
00:41:55       0   85.60    0.00   14.20    0.00    0.00    0.20    0.00    0.00    0.00    0.00
00:41:55       1   84.40    0.00   15.40    0.20    0.00    0.00    0.00    0.00    0.00    0.00
00:41:55       2   97.01    0.00    2.99    0.00    0.00    0.00    0.00    0.00    0.00    0.00
00:41:55       3   94.41    0.00    5.39    0.20    0.00    0.00    0.00    0.00    0.00    0.00

00:41:55     CPU    %usr   %nice    %sys %iowait    %irq   %soft  %steal  %guest  %gnice   %idle
00:42:00     all   95.10    0.00    4.70    0.05    0.00    0.15    0.00    0.00    0.00    0.00
00:42:00       0   95.99    0.00    3.41    0.00    0.00    0.60    0.00    0.00    0.00    0.00
00:42:00       1   98.80    0.00    1.20    0.00    0.00    0.00    0.00    0.00    0.00    0.00
00:42:00       2   89.00    0.00   11.00    0.00    0.00    0.00    0.00    0.00    0.00    0.00
00:42:00       3   96.59    0.00    3.21    0.20    0.00    0.00    0.00    0.00    0.00    0.00

00:42:00     CPU    %usr   %nice    %sys %iowait    %irq   %soft  %steal  %guest  %gnice   %idle
00:42:05     all   82.66    0.00   17.14    0.05    0.00    0.05    0.00    0.00    0.00    0.10
00:42:05       0   70.40    0.00   29.40    0.00    0.00    0.20    0.00    0.00    0.00    0.00
00:42:05       1   92.00    0.00    8.00    0.00    0.00    0.00    0.00    0.00    0.00    0.00
00:42:05       2   88.80    0.00   11.00    0.00    0.00    0.00    0.00    0.00    0.00    0.20
00:42:05       3   79.44    0.00   20.16    0.20    0.00    0.00    0.00    0.00    0.00    0.20

00:42:05     CPU    %usr   %nice    %sys %iowait    %irq   %soft  %steal  %guest  %gnice   %idle
00:42:10     all   80.12    0.00   19.73    0.00    0.00    0.15    0.00    0.00    0.00    0.00
00:42:10       0   62.48    0.00   36.93    0.00    0.00    0.60    0.00    0.00    0.00    0.00
00:42:10       1   90.98    0.00    9.02    0.00    0.00    0.00    0.00    0.00    0.00    0.00
00:42:10       2   71.26    0.00   28.74    0.00    0.00    0.00    0.00    0.00    0.00    0.00
00:42:10       3   95.81    0.00    4.19    0.00    0.00    0.00    0.00    0.00    0.00    0.00

00:42:10     CPU    %usr   %nice    %sys %iowait    %irq   %soft  %steal  %guest  %gnice   %idle
00:42:15     all   90.74    0.00    9.16    0.10    0.00    0.00    0.00    0.00    0.00    0.00
00:42:15       0   90.80    0.00    9.00    0.20    0.00    0.00    0.00    0.00    0.00    0.00
00:42:15       1   89.60    0.00   10.20    0.20    0.00    0.00    0.00    0.00    0.00    0.00
00:42:15       2   89.00    0.00   11.00    0.00    0.00    0.00    0.00    0.00    0.00    0.00
00:42:15       3   93.57    0.00    6.43    0.00    0.00    0.00    0.00    0.00    0.00    0.00

00:42:15     CPU    %usr   %nice    %sys %iowait    %irq   %soft  %steal  %guest  %gnice   %idle
00:42:20     all   93.10    0.00    6.75    0.10    0.00    0.00    0.00    0.00    0.00    0.05
00:42:20       0   96.79    0.00    2.81    0.40    0.00    0.00    0.00    0.00    0.00    0.00
00:42:20       1   90.02    0.00    9.78    0.00    0.00    0.00    0.00    0.00    0.00    0.20
00:42:20       2   90.60    0.00    9.40    0.00    0.00    0.00    0.00    0.00    0.00    0.00
00:42:20       3   95.01    0.00    4.99    0.00    0.00    0.00    0.00    0.00    0.00    0.00

00:42:20     CPU    %usr   %nice    %sys %iowait    %irq   %soft  %steal  %guest  %gnice   %idle
00:42:25     all   96.85    0.00    3.15    0.00    0.00    0.00    0.00    0.00    0.00    0.00
00:42:25       0   97.00    0.00    3.00    0.00    0.00    0.00    0.00    0.00    0.00    0.00
00:42:25       1   98.00    0.00    2.00    0.00    0.00    0.00    0.00    0.00    0.00    0.00
00:42:25       2   96.99    0.00    3.01    0.00    0.00    0.00    0.00    0.00    0.00    0.00
00:42:25       3   95.40    0.00    4.60    0.00    0.00    0.00    0.00    0.00    0.00    0.00

00:42:25     CPU    %usr   %nice    %sys %iowait    %irq   %soft  %steal  %guest  %gnice   %idle
00:42:30     all   95.16    0.00    4.69    0.10    0.00    0.05    0.00    0.00    0.00    0.00
00:42:30       0   90.40    0.00    9.40    0.00    0.00    0.20    0.00    0.00    0.00    0.00
00:42:30       1   97.60    0.00    2.20    0.20    0.00    0.00    0.00    0.00    0.00    0.00
00:42:30       2   97.41    0.00    2.40    0.20    0.00    0.00    0.00    0.00    0.00    0.00
00:42:30       3   95.21    0.00    4.79    0.00    0.00    0.00    0.00    0.00    0.00    0.00

00:42:30     CPU    %usr   %nice    %sys %iowait    %irq   %soft  %steal  %guest  %gnice   %idle
00:42:35     all   94.35    0.00    5.65    0.00    0.00    0.00    0.00    0.00    0.00    0.00
00:42:35       0   95.20    0.00    4.80    0.00    0.00    0.00    0.00    0.00    0.00    0.00
00:42:35       1   93.19    0.00    6.81    0.00    0.00    0.00    0.00    0.00    0.00    0.00
00:42:35       2   98.60    0.00    1.40    0.00    0.00    0.00    0.00    0.00    0.00    0.00
00:42:35       3   90.40    0.00    9.60    0.00    0.00    0.00    0.00    0.00    0.00    0.00

00:42:35     CPU    %usr   %nice    %sys %iowait    %irq   %soft  %steal  %guest  %gnice   %idle
00:42:40     all   93.65    0.00    6.20    0.05    0.00    0.10    0.00    0.00    0.00    0.00
00:42:40       0   89.60    0.00   10.20    0.00    0.00    0.20    0.00    0.00    0.00    0.00
00:42:40       1   95.41    0.00    4.39    0.00    0.00    0.20    0.00    0.00    0.00    0.00
00:42:40       2   93.00    0.00    7.00    0.00    0.00    0.00    0.00    0.00    0.00    0.00
00:42:40       3   96.60    0.00    3.20    0.20    0.00    0.00    0.00    0.00    0.00    0.00

00:42:40     CPU    %usr   %nice    %sys %iowait    %irq   %soft  %steal  %guest  %gnice   %idle
00:42:45     all   88.35    0.00   11.60    0.00    0.00    0.05    0.00    0.00    0.00    0.00
00:42:45       0   89.80    0.00   10.00    0.00    0.00    0.20    0.00    0.00    0.00    0.00
00:42:45       1   89.00    0.00   11.00    0.00    0.00    0.00    0.00    0.00    0.00    0.00
00:42:45       2   80.00    0.00   20.00    0.00    0.00    0.00    0.00    0.00    0.00    0.00
00:42:45       3   94.60    0.00    5.40    0.00    0.00    0.00    0.00    0.00    0.00    0.00

00:42:45     CPU    %usr   %nice    %sys %iowait    %irq   %soft  %steal  %guest  %gnice   %idle
00:42:50     all   87.30    0.00   12.50    0.10    0.00    0.05    0.00    0.00    0.00    0.05
00:42:50       0   75.05    0.00   24.35    0.20    0.00    0.20    0.00    0.00    0.00    0.20
00:42:50       1   86.57    0.00   13.23    0.20    0.00    0.00    0.00    0.00    0.00    0.00
00:42:50       2   95.40    0.00    4.60    0.00    0.00    0.00    0.00    0.00    0.00    0.00
00:42:50       3   92.20    0.00    7.80    0.00    0.00    0.00    0.00    0.00    0.00    0.00

00:42:50     CPU    %usr   %nice    %sys %iowait    %irq   %soft  %steal  %guest  %gnice   %idle
00:42:55     all   87.75    0.00   11.90    0.00    0.00    0.20    0.00    0.00    0.00    0.15
00:42:55       0   94.19    0.00    4.61    0.00    0.00    0.80    0.00    0.00    0.00    0.40
00:42:55       1   71.06    0.00   28.94    0.00    0.00    0.00    0.00    0.00    0.00    0.00
00:42:55       2   89.20    0.00   10.80    0.00    0.00    0.00    0.00    0.00    0.00    0.00
00:42:55       3   96.60    0.00    3.20    0.00    0.00    0.00    0.00    0.00    0.00    0.20

00:42:55     CPU    %usr   %nice    %sys %iowait    %irq   %soft  %steal  %guest  %gnice   %idle
00:43:00     all   93.31    0.00    6.54    0.05    0.00    0.10    0.00    0.00    0.00    0.00
00:43:00       0   88.22    0.00   11.58    0.00    0.00    0.20    0.00    0.00    0.00    0.00
00:43:00       1   91.00    0.00    9.00    0.00    0.00    0.00    0.00    0.00    0.00    0.00
00:43:00       2   94.61    0.00    5.19    0.20    0.00    0.00    0.00    0.00    0.00    0.00
00:43:00       3   99.40    0.00    0.40    0.00    0.00    0.20    0.00    0.00    0.00    0.00

00:43:00     CPU    %usr   %nice    %sys %iowait    %irq   %soft  %steal  %guest  %gnice   %idle
00:43:05     all   86.86    0.00   13.09    0.05    0.00    0.00    0.00    0.00    0.00    0.00
00:43:05       0   78.04    0.00   21.96    0.00    0.00    0.00    0.00    0.00    0.00    0.00
00:43:05       1   76.65    0.00   23.35    0.00    0.00    0.00    0.00    0.00    0.00    0.00
00:43:05       2   97.60    0.00    2.20    0.20    0.00    0.00    0.00    0.00    0.00    0.00
00:43:05       3   95.20    0.00    4.80    0.00    0.00    0.00    0.00    0.00    0.00    0.00

00:43:05     CPU    %usr   %nice    %sys %iowait    %irq   %soft  %steal  %guest  %gnice   %idle
00:43:10     all   88.79    0.00   11.16    0.05    0.00    0.00    0.00    0.00    0.00    0.00
00:43:10       0   93.98    0.00    6.02    0.00    0.00    0.00    0.00    0.00    0.00    0.00
00:43:10       1   79.20    0.00   20.80    0.00    0.00    0.00    0.00    0.00    0.00    0.00
00:43:10       2   87.80    0.00   12.20    0.00    0.00    0.00    0.00    0.00    0.00    0.00
00:43:10       3   94.21    0.00    5.59    0.20    0.00    0.00    0.00    0.00    0.00    0.00

00:43:10     CPU    %usr   %nice    %sys %iowait    %irq   %soft  %steal  %guest  %gnice   %idle
00:43:15     all   88.01    0.00   11.89    0.05    0.00    0.05    0.00    0.00    0.00    0.00
00:43:15       0   97.01    0.00    2.79    0.00    0.00    0.20    0.00    0.00    0.00    0.00
00:43:15       1   93.20    0.00    6.60    0.20    0.00    0.00    0.00    0.00    0.00    0.00
00:43:15       2   80.20    0.00   19.80    0.00    0.00    0.00    0.00    0.00    0.00    0.00
00:43:15       3   81.60    0.00   18.40    0.00    0.00    0.00    0.00    0.00    0.00    0.00

00:43:15     CPU    %usr   %nice    %sys %iowait    %irq   %soft  %steal  %guest  %gnice   %idle
00:43:20     all   93.31    0.00    6.59    0.10    0.00    0.00    0.00    0.00    0.00    0.00
00:43:20       0   95.41    0.00    4.39    0.20    0.00    0.00    0.00    0.00    0.00    0.00
00:43:20       1   94.41    0.00    5.59    0.00    0.00    0.00    0.00    0.00    0.00    0.00
00:43:20       2   92.22    0.00    7.58    0.20    0.00    0.00    0.00    0.00    0.00    0.00
00:43:20       3   91.20    0.00    8.80    0.00    0.00    0.00    0.00    0.00    0.00    0.00

00:43:20     CPU    %usr   %nice    %sys %iowait    %irq   %soft  %steal  %guest  %gnice   %idle
00:43:25     all   87.79    0.00   11.91    0.20    0.00    0.05    0.00    0.00    0.00    0.05
00:43:25       0   89.80    0.00    9.60    0.40    0.00    0.20    0.00    0.00    0.00    0.00
00:43:25       1   89.16    0.00   10.44    0.40    0.00    0.00    0.00    0.00    0.00    0.00
00:43:25       2   89.40    0.00   10.40    0.00    0.00    0.00    0.00    0.00    0.00    0.20
00:43:25       3   82.80    0.00   17.20    0.00    0.00    0.00    0.00    0.00    0.00    0.00

00:43:25     CPU    %usr   %nice    %sys %iowait    %irq   %soft  %steal  %guest  %gnice   %idle
00:43:30     all   96.10    0.00    3.80    0.10    0.00    0.00    0.00    0.00    0.00    0.00
00:43:30       0   98.40    0.00    1.60    0.00    0.00    0.00    0.00    0.00    0.00    0.00
00:43:30       1   94.81    0.00    5.19    0.00    0.00    0.00    0.00    0.00    0.00    0.00
00:43:30       2   98.00    0.00    2.00    0.00    0.00    0.00    0.00    0.00    0.00    0.00
00:43:30       3   93.20    0.00    6.40    0.40    0.00    0.00    0.00    0.00    0.00    0.00

00:43:30     CPU    %usr   %nice    %sys %iowait    %irq   %soft  %steal  %guest  %gnice   %idle
00:43:35     all   97.70    0.00    1.95    0.30    0.00    0.00    0.00    0.00    0.00    0.05
00:43:35       0   97.19    0.00    1.60    1.20    0.00    0.00    0.00    0.00    0.00    0.00
00:43:35       1   99.00    0.00    0.80    0.00    0.00    0.00    0.00    0.00    0.00    0.20
00:43:35       2   97.20    0.00    2.80    0.00    0.00    0.00    0.00    0.00    0.00    0.00
00:43:35       3   97.40    0.00    2.60    0.00    0.00    0.00    0.00    0.00    0.00    0.00

00:43:35     CPU    %usr   %nice    %sys %iowait    %irq   %soft  %steal  %guest  %gnice   %idle
00:43:40     all   94.10    0.00    5.85    0.00    0.00    0.00    0.00    0.00    0.00    0.05
00:43:40       0   89.22    0.00   10.78    0.00    0.00    0.00    0.00    0.00    0.00    0.00
00:43:40       1  100.00    0.00    0.00    0.00    0.00    0.00    0.00    0.00    0.00    0.00
00:43:40       2   96.79    0.00    3.21    0.00    0.00    0.00    0.00    0.00    0.00    0.00
00:43:40       3   90.38    0.00    9.42    0.00    0.00    0.00    0.00    0.00    0.00    0.20

00:43:40     CPU    %usr   %nice    %sys %iowait    %irq   %soft  %steal  %guest  %gnice   %idle
00:43:45     all   87.36    0.00   12.49    0.00    0.00    0.00    0.00    0.00    0.00    0.15
00:43:45       0   70.80    0.00   28.60    0.00    0.00    0.00    0.00    0.00    0.00    0.60
00:43:45       1   96.00    0.00    4.00    0.00    0.00    0.00    0.00    0.00    0.00    0.00
00:43:45       2   92.80    0.00    7.20    0.00    0.00    0.00    0.00    0.00    0.00    0.00
00:43:45       3   89.82    0.00   10.18    0.00    0.00    0.00    0.00    0.00    0.00    0.00

00:43:45     CPU    %usr   %nice    %sys %iowait    %irq   %soft  %steal  %guest  %gnice   %idle
00:43:50     all   83.62    0.00   16.23    0.05    0.00    0.05    0.00    0.00    0.00    0.05
00:43:50       0   68.27    0.00   31.53    0.00    0.00    0.20    0.00    0.00    0.00    0.00
00:43:50       1   90.98    0.00    9.02    0.00    0.00    0.00    0.00    0.00    0.00    0.00
00:43:50       2   94.40    0.00    5.40    0.00    0.00    0.00    0.00    0.00    0.00    0.20
00:43:50       3   80.76    0.00   19.04    0.20    0.00    0.00    0.00    0.00    0.00    0.00

00:43:50     CPU    %usr   %nice    %sys %iowait    %irq   %soft  %steal  %guest  %gnice   %idle
00:43:55     all   77.79    0.00   21.91    0.25    0.00    0.05    0.00    0.00    0.00    0.00
00:43:55       0   56.69    0.00   42.32    1.00    0.00    0.00    0.00    0.00    0.00    0.00
00:43:55       1   81.00    0.00   19.00    0.00    0.00    0.00    0.00    0.00    0.00    0.00
00:43:55       2   98.41    0.00    1.39    0.00    0.00    0.20    0.00    0.00    0.00    0.00
00:43:55       3   75.05    0.00   24.95    0.00    0.00    0.00    0.00    0.00    0.00    0.00

00:43:55     CPU    %usr   %nice    %sys %iowait    %irq   %soft  %steal  %guest  %gnice   %idle
00:44:00     all   82.65    0.00   17.35    0.00    0.00    0.00    0.00    0.00    0.00    0.00
00:44:00       0   70.34    0.00   29.66    0.00    0.00    0.00    0.00    0.00    0.00    0.00
00:44:00       1   90.02    0.00    9.98    0.00    0.00    0.00    0.00    0.00    0.00    0.00
00:44:00       2   92.99    0.00    7.01    0.00    0.00    0.00    0.00    0.00    0.00    0.00
00:44:00       3   77.25    0.00   22.75    0.00    0.00    0.00    0.00    0.00    0.00    0.00

00:44:00     CPU    %usr   %nice    %sys %iowait    %irq   %soft  %steal  %guest  %gnice   %idle
00:44:05     all   95.70    0.00    4.20    0.10    0.00    0.00    0.00    0.00    0.00    0.00
00:44:05       0   95.21    0.00    4.79    0.00    0.00    0.00    0.00    0.00    0.00    0.00
00:44:05       1   92.22    0.00    7.39    0.40    0.00    0.00    0.00    0.00    0.00    0.00
00:44:05       2   95.80    0.00    4.20    0.00    0.00    0.00    0.00    0.00    0.00    0.00
00:44:05       3   99.60    0.00    0.40    0.00    0.00    0.00    0.00    0.00    0.00    0.00

00:44:05     CPU    %usr   %nice    %sys %iowait    %irq   %soft  %steal  %guest  %gnice   %idle
00:44:10     all   88.19    0.00   11.81    0.00    0.00    0.00    0.00    0.00    0.00    0.00
00:44:10       0   81.80    0.00   18.20    0.00    0.00    0.00    0.00    0.00    0.00    0.00
00:44:10       1   93.00    0.00    7.00    0.00    0.00    0.00    0.00    0.00    0.00    0.00
00:44:10       2   87.78    0.00   12.22    0.00    0.00    0.00    0.00    0.00    0.00    0.00
00:44:10       3   90.20    0.00    9.80    0.00    0.00    0.00    0.00    0.00    0.00    0.00

00:44:10     CPU    %usr   %nice    %sys %iowait    %irq   %soft  %steal  %guest  %gnice   %idle
00:44:15     all   84.92    0.00   14.89    0.10    0.00    0.10    0.00    0.00    0.00    0.00
00:44:15       0   67.20    0.00   32.20    0.20    0.00    0.40    0.00    0.00    0.00    0.00
00:44:15       1   92.02    0.00    7.98    0.00    0.00    0.00    0.00    0.00    0.00    0.00
00:44:15       2   92.20    0.00    7.80    0.00    0.00    0.00    0.00    0.00    0.00    0.00
00:44:15       3   88.22    0.00   11.58    0.20    0.00    0.00    0.00    0.00    0.00    0.00

00:44:15     CPU    %usr   %nice    %sys %iowait    %irq   %soft  %steal  %guest  %gnice   %idle
00:44:20     all   88.11    0.00   11.54    0.00    0.00    0.20    0.00    0.00    0.00    0.15
00:44:20       0   87.82    0.00   11.38    0.00    0.00    0.60    0.00    0.00    0.00    0.20
00:44:20       1   99.60    0.00    0.40    0.00    0.00    0.00    0.00    0.00    0.00    0.00
00:44:20       2   97.41    0.00    2.20    0.00    0.00    0.20    0.00    0.00    0.00    0.20
00:44:20       3   67.60    0.00   32.20    0.00    0.00    0.00    0.00    0.00    0.00    0.20

00:44:20     CPU    %usr   %nice    %sys %iowait    %irq   %soft  %steal  %guest  %gnice   %idle
00:44:25     all   91.51    0.00    8.24    0.05    0.00    0.20    0.00    0.00    0.00    0.00
00:44:25       0   95.40    0.00    3.60    0.20    0.00    0.80    0.00    0.00    0.00    0.00
00:44:25       1   98.00    0.00    2.00    0.00    0.00    0.00    0.00    0.00    0.00    0.00
00:44:25       2   94.40    0.00    5.60    0.00    0.00    0.00    0.00    0.00    0.00    0.00
00:44:25       3   78.24    0.00   21.76    0.00    0.00    0.00    0.00    0.00    0.00    0.00

00:44:25     CPU    %usr   %nice    %sys %iowait    %irq   %soft  %steal  %guest  %gnice   %idle
00:44:30     all   94.44    0.00    5.41    0.00    0.00    0.15    0.00    0.00    0.00    0.00
00:44:30       0   86.75    0.00   12.65    0.00    0.00    0.60    0.00    0.00    0.00    0.00
00:44:30       1   98.00    0.00    2.00    0.00    0.00    0.00    0.00    0.00    0.00    0.00
00:44:30       2   93.80    0.00    6.20    0.00    0.00    0.00    0.00    0.00    0.00    0.00
00:44:30       3   99.20    0.00    0.80    0.00    0.00    0.00    0.00    0.00    0.00    0.00

00:44:30     CPU    %usr   %nice    %sys %iowait    %irq   %soft  %steal  %guest  %gnice   %idle
00:44:35     all   96.51    0.00    3.39    0.05    0.00    0.00    0.00    0.00    0.00    0.05
00:44:35       0   97.60    0.00    2.20    0.20    0.00    0.00    0.00    0.00    0.00    0.00
00:44:35       1   99.00    0.00    0.80    0.00    0.00    0.00    0.00    0.00    0.00    0.20
00:44:35       2   96.81    0.00    3.19    0.00    0.00    0.00    0.00    0.00    0.00    0.00
00:44:35       3   92.60    0.00    7.40    0.00    0.00    0.00    0.00    0.00    0.00    0.00

00:44:35     CPU    %usr   %nice    %sys %iowait    %irq   %soft  %steal  %guest  %gnice   %idle
00:44:40     all   89.20    0.00   10.75    0.05    0.00    0.00    0.00    0.00    0.00    0.00
00:44:40       0   91.00    0.00    9.00    0.00    0.00    0.00    0.00    0.00    0.00    0.00
00:44:40       1   93.20    0.00    6.80    0.00    0.00    0.00    0.00    0.00    0.00    0.00
00:44:40       2   86.37    0.00   13.43    0.20    0.00    0.00    0.00    0.00    0.00    0.00
00:44:40       3   86.23    0.00   13.77    0.00    0.00    0.00    0.00    0.00    0.00    0.00

00:44:40     CPU    %usr   %nice    %sys %iowait    %irq   %soft  %steal  %guest  %gnice   %idle
00:44:45     all   94.75    0.00    5.05    0.10    0.00    0.05    0.00    0.00    0.00    0.05
00:44:45       0   98.80    0.00    0.80    0.20    0.00    0.20    0.00    0.00    0.00    0.00
00:44:45       1   92.99    0.00    6.81    0.00    0.00    0.00    0.00    0.00    0.00    0.20
00:44:45       2   92.60    0.00    7.40    0.00    0.00    0.00    0.00    0.00    0.00    0.00
00:44:45       3   94.59    0.00    5.21    0.20    0.00    0.00    0.00    0.00    0.00    0.00

00:44:45     CPU    %usr   %nice    %sys %iowait    %irq   %soft  %steal  %guest  %gnice   %idle
00:44:50     all   94.50    0.00    5.50    0.00    0.00    0.00    0.00    0.00    0.00    0.00
00:44:50       0   97.19    0.00    2.81    0.00    0.00    0.00    0.00    0.00    0.00    0.00
00:44:50       1   86.20    0.00   13.80    0.00    0.00    0.00    0.00    0.00    0.00    0.00
00:44:50       2   98.60    0.00    1.40    0.00    0.00    0.00    0.00    0.00    0.00    0.00
00:44:50       3   96.01    0.00    3.99    0.00    0.00    0.00    0.00    0.00    0.00    0.00

00:44:50     CPU    %usr   %nice    %sys %iowait    %irq   %soft  %steal  %guest  %gnice   %idle
00:44:55     all   90.50    0.00    9.20    0.05    0.00    0.25    0.00    0.00    0.00    0.00
00:44:55       0   94.81    0.00    4.39    0.00    0.00    0.80    0.00    0.00    0.00    0.00
00:44:55       1   76.80    0.00   23.00    0.00    0.00    0.20    0.00    0.00    0.00    0.00
00:44:55       2   94.59    0.00    5.41    0.00    0.00    0.00    0.00    0.00    0.00    0.00
00:44:55       3   95.79    0.00    4.01    0.20    0.00    0.00    0.00    0.00    0.00    0.00

00:44:55     CPU    %usr   %nice    %sys %iowait    %irq   %soft  %steal  %guest  %gnice   %idle
00:45:00     all   94.35    0.00    5.65    0.00    0.00    0.00    0.00    0.00    0.00    0.00
00:45:00       0   97.19    0.00    2.81    0.00    0.00    0.00    0.00    0.00    0.00    0.00
00:45:00       1   94.19    0.00    5.81    0.00    0.00    0.00    0.00    0.00    0.00    0.00
00:45:00       2   98.20    0.00    1.80    0.00    0.00    0.00    0.00    0.00    0.00    0.00
00:45:00       3   87.80    0.00   12.20    0.00    0.00    0.00    0.00    0.00    0.00    0.00

00:45:00     CPU    %usr   %nice    %sys %iowait    %irq   %soft  %steal  %guest  %gnice   %idle
00:45:05     all   88.21    0.00   11.54    0.25    0.00    0.00    0.00    0.00    0.00    0.00
00:45:05       0   88.60    0.00   10.40    1.00    0.00    0.00    0.00    0.00    0.00    0.00
00:45:05       1   91.22    0.00    8.78    0.00    0.00    0.00    0.00    0.00    0.00    0.00
00:45:05       2   88.38    0.00   11.62    0.00    0.00    0.00    0.00    0.00    0.00    0.00
00:45:05       3   84.63    0.00   15.37    0.00    0.00    0.00    0.00    0.00    0.00    0.00

00:45:05     CPU    %usr   %nice    %sys %iowait    %irq   %soft  %steal  %guest  %gnice   %idle
00:45:10     all   87.58    0.00   12.32    0.05    0.00    0.00    0.00    0.00    0.00    0.05
00:45:10       0   81.36    0.00   18.44    0.20    0.00    0.00    0.00    0.00    0.00    0.00
00:45:10       1   86.17    0.00   13.83    0.00    0.00    0.00    0.00    0.00    0.00    0.00
00:45:10       2   90.60    0.00    9.40    0.00    0.00    0.00    0.00    0.00    0.00    0.00
00:45:10       3   92.18    0.00    7.62    0.00    0.00    0.00    0.00    0.00    0.00    0.20

00:45:10     CPU    %usr   %nice    %sys %iowait    %irq   %soft  %steal  %guest  %gnice   %idle
00:45:15     all   95.60    0.00    4.25    0.10    0.00    0.00    0.00    0.00    0.00    0.05
00:45:15       0   90.42    0.00    9.18    0.40    0.00    0.00    0.00    0.00    0.00    0.00
00:45:15       1   98.00    0.00    1.80    0.00    0.00    0.00    0.00    0.00    0.00    0.20
00:45:15       2   97.60    0.00    2.40    0.00    0.00    0.00    0.00    0.00    0.00    0.00
00:45:15       3   96.40    0.00    3.60    0.00    0.00    0.00    0.00    0.00    0.00    0.00

00:45:15     CPU    %usr   %nice    %sys %iowait    %irq   %soft  %steal  %guest  %gnice   %idle
00:45:20     all   91.92    0.00    8.03    0.05    0.00    0.00    0.00    0.00    0.00    0.00
00:45:20       0   98.00    0.00    2.00    0.00    0.00    0.00    0.00    0.00    0.00    0.00
00:45:20       1   96.61    0.00    3.39    0.00    0.00    0.00    0.00    0.00    0.00    0.00
00:45:20       2   82.24    0.00   17.56    0.20    0.00    0.00    0.00    0.00    0.00    0.00
00:45:20       3   90.84    0.00    9.16    0.00    0.00    0.00    0.00    0.00    0.00    0.00

00:45:20     CPU    %usr   %nice    %sys %iowait    %irq   %soft  %steal  %guest  %gnice   %idle
00:45:25     all   94.94    0.00    5.06    0.00    0.00    0.00    0.00    0.00    0.00    0.00
00:45:25       0   95.39    0.00    4.61    0.00    0.00    0.00    0.00    0.00    0.00    0.00
00:45:25       1   91.58    0.00    8.42    0.00    0.00    0.00    0.00    0.00    0.00    0.00
00:45:25       2   97.40    0.00    2.60    0.00    0.00    0.00    0.00    0.00    0.00    0.00
00:45:25       3   95.39    0.00    4.61    0.00    0.00    0.00    0.00    0.00    0.00    0.00

00:45:25     CPU    %usr   %nice    %sys %iowait    %irq   %soft  %steal  %guest  %gnice   %idle
00:45:30     all   82.53    0.00   17.37    0.05    0.00    0.00    0.00    0.00    0.00    0.05
00:45:30       0   96.61    0.00    3.19    0.20    0.00    0.00    0.00    0.00    0.00    0.00
00:45:30       1   90.42    0.00    9.58    0.00    0.00    0.00    0.00    0.00    0.00    0.00
00:45:30       2   73.60    0.00   26.20    0.00    0.00    0.00    0.00    0.00    0.00    0.20
00:45:30       3   69.46    0.00   30.54    0.00    0.00    0.00    0.00    0.00    0.00    0.00

00:45:30     CPU    %usr   %nice    %sys %iowait    %irq   %soft  %steal  %guest  %gnice   %idle
00:45:35     all   86.95    0.00   13.00    0.05    0.00    0.00    0.00    0.00    0.00    0.00
00:45:35       0   94.79    0.00    5.01    0.20    0.00    0.00    0.00    0.00    0.00    0.00
00:45:35       1   76.40    0.00   23.60    0.00    0.00    0.00    0.00    0.00    0.00    0.00
00:45:35       2   94.01    0.00    5.99    0.00    0.00    0.00    0.00    0.00    0.00    0.00
00:45:35       3   82.60    0.00   17.40    0.00    0.00    0.00    0.00    0.00    0.00    0.00

00:45:35     CPU    %usr   %nice    %sys %iowait    %irq   %soft  %steal  %guest  %gnice   %idle
00:45:40     all   90.95    0.00    8.90    0.15    0.00    0.00    0.00    0.00    0.00    0.00
00:45:40       0   86.80    0.00   12.80    0.40    0.00    0.00    0.00    0.00    0.00    0.00
00:45:40       1   99.00    0.00    0.80    0.20    0.00    0.00    0.00    0.00    0.00    0.00
00:45:40       2   87.60    0.00   12.40    0.00    0.00    0.00    0.00    0.00    0.00    0.00
00:45:40       3   90.40    0.00    9.60    0.00    0.00    0.00    0.00    0.00    0.00    0.00

00:45:40     CPU    %usr   %nice    %sys %iowait    %irq   %soft  %steal  %guest  %gnice   %idle
00:45:45     all   92.25    0.00    7.75    0.00    0.00    0.00    0.00    0.00    0.00    0.00
00:45:45       0   92.00    0.00    8.00    0.00    0.00    0.00    0.00    0.00    0.00    0.00
00:45:45       1   85.60    0.00   14.40    0.00    0.00    0.00    0.00    0.00    0.00    0.00
00:45:45       2   97.80    0.00    2.20    0.00    0.00    0.00    0.00    0.00    0.00    0.00
00:45:45       3   93.60    0.00    6.40    0.00    0.00    0.00    0.00    0.00    0.00    0.00

00:45:45     CPU    %usr   %nice    %sys %iowait    %irq   %soft  %steal  %guest  %gnice   %idle
00:45:50     all   94.40    0.00    5.45    0.10    0.00    0.00    0.00    0.00    0.00    0.05
00:45:50       0   98.40    0.00    1.20    0.20    0.00    0.00    0.00    0.00    0.00    0.20
00:45:50       1   84.80    0.00   15.00    0.20    0.00    0.00    0.00    0.00    0.00    0.00
00:45:50       2   97.80    0.00    2.20    0.00    0.00    0.00    0.00    0.00    0.00    0.00
00:45:50       3   96.60    0.00    3.40    0.00    0.00    0.00    0.00    0.00    0.00    0.00

00:45:50     CPU    %usr   %nice    %sys %iowait    %irq   %soft  %steal  %guest  %gnice   %idle
00:45:55     all   95.06    0.00    4.84    0.05    0.00    0.05    0.00    0.00    0.00    0.00
00:45:55       0   96.01    0.00    3.79    0.00    0.00    0.20    0.00    0.00    0.00    0.00
00:45:55       1   91.42    0.00    8.58    0.00    0.00    0.00    0.00    0.00    0.00    0.00
00:45:55       2   95.61    0.00    4.19    0.20    0.00    0.00    0.00    0.00    0.00    0.00
00:45:55       3   97.20    0.00    2.80    0.00    0.00    0.00    0.00    0.00    0.00    0.00

00:45:55     CPU    %usr   %nice    %sys %iowait    %irq   %soft  %steal  %guest  %gnice   %idle
00:46:00     all   93.25    0.00    6.65    0.10    0.00    0.00    0.00    0.00    0.00    0.00
00:46:00       0   92.38    0.00    7.21    0.40    0.00    0.00    0.00    0.00    0.00    0.00
00:46:00       1   92.00    0.00    8.00    0.00    0.00    0.00    0.00    0.00    0.00    0.00
00:46:00       2   99.80    0.00    0.20    0.00    0.00    0.00    0.00    0.00    0.00    0.00
00:46:00       3   88.80    0.00   11.20    0.00    0.00    0.00    0.00    0.00    0.00    0.00

00:46:00     CPU    %usr   %nice    %sys %iowait    %irq   %soft  %steal  %guest  %gnice   %idle
00:46:05     all   88.45    0.00   11.45    0.10    0.00    0.00    0.00    0.00    0.00    0.00
00:46:05       0   64.47    0.00   35.13    0.40    0.00    0.00    0.00    0.00    0.00    0.00
00:46:05       1   94.59    0.00    5.41    0.00    0.00    0.00    0.00    0.00    0.00    0.00
00:46:05       2   95.60    0.00    4.40    0.00    0.00    0.00    0.00    0.00    0.00    0.00
00:46:05       3   99.20    0.00    0.80    0.00    0.00    0.00    0.00    0.00    0.00    0.00

Average:     CPU    %usr   %nice    %sys %iowait    %irq   %soft  %steal  %guest  %gnice   %idle
Average:     all   89.66    0.00    9.41    0.07    0.00    0.05    0.00    0.00    0.00    0.81
Average:       0   86.16    0.00   12.69    0.16    0.00    0.17    0.00    0.00    0.00    0.82
Average:       1   90.41    0.00    8.73    0.04    0.00    0.01    0.00    0.00    0.00    0.81
Average:       2   92.42    0.00    6.75    0.03    0.00    0.01    0.00    0.00    0.00    0.79
Average:       3   89.65    0.00    9.49    0.04    0.00    0.00    0.00    0.00    0.00    0.82
