Linux 6.18.33+rpt-rpi-v8 (RaspberryPi4) 	17/06/26 	_aarch64_	(4 CPU)

00:41:05    kbmemfree   kbavail kbmemused  %memused kbbuffers  kbcached  kbcommit   %commit  kbactive   kbinact   kbdirty
00:41:10       891580   3031812    625960     16.10     76824   2111096   2383724     39.83    797716   1724416    447656
00:41:15       605576   2908868    739848     19.03     76836   2278300   2376088     39.71    828384   1899136    452508
00:41:20       559588   2929832    718312     18.48     76844   2344112   2376992     39.72    911320   1964224    471612
00:41:25       433228   2944092    705436     18.15     76852   2479424   2377384     39.73    912392   2100900    441168
00:41:30       487292   3070968    578312     14.88     76856   2550628   2377384     39.73    783156   2171880    467176
00:41:35       288000   3026284    639100     16.44     76864   2685120   2377952     39.74    845056   2306112    433316
00:41:40       221324   2959644    705732     18.16     76868   2685120   2377908     39.74    912224   2306116    405504
00:41:45       283132   3002236    643868     16.57     76876   2685124   2377040     39.72    835728   2306128    307200
00:41:50       311700   3030816    614516     15.81     76884   2685708   2460288     41.11    832852   2306140    212992
00:41:55       180216   2882496    747780     19.24     76900   2683804   2482996     41.49    937248   2289280     74112
00:42:00       479460   3040188    590072     15.18     76916   2545300   2458732     41.09    751336   2150732       304
00:42:05       874548   3013660    650828     16.74     76944   2102852   2377484     39.73    829360   1723204    447996
00:42:10       643192   2962012    702700     18.08     76952   2277256   2378736     39.75    849468   1897924    457688
00:42:15       629040   3046880    618484     15.91     76960   2372864   2378140     39.74    813944   1994208    449536
00:42:20       483984   2967892    697612     17.95     76968   2437192   2378140     39.74    857264   2058632    415524
00:42:25       446412   3018384    647100     16.65     76976   2523004   2377396     39.73    858076   2144400    463296
00:42:30       295164   3015976    649304     16.70     76984   2667764   2377396     39.73    885204   2288992    442184
00:42:35       327528   3048896    615632     15.84     76988   2668972   2376944     39.72    816796   2289424    334968
00:42:40       260784   2982172    683476     17.58     76992   2667988   2376048     39.71    911336   2289440    229568
00:42:45       293012   3014404    651124     16.75     76996   2667988   2376048     39.71    810900   2289444    122100
00:42:50       236456   2957852    707460     18.20     77000   2668436   2393040     39.99    918616   2289448     13536
00:42:55      1224248   3135068    530500     13.65     77004   1879880   2412296     40.31    760496   1501224    260428
00:43:00       691548   2971356    694216     17.86     77012   2238560   2412296     40.31    857912   1860040    450284
00:43:05       607340   2951628    714040     18.37     77016   2301076   2412296     40.31    916380   1922560    452340
00:43:10       442368   2938556    727224     18.71     77032   2449044   2412296     40.31    842560   2070568    445648
00:43:15       363472   2921768    724604     18.64     77032   2528008   2412296     40.31    946820   2149472    449844
00:43:20       220352   2913068    733220     18.86     77044   2659108   2412296     40.31    947272   2280412    438704
00:43:25       219732   2921860    724504     18.64     77044   2667992   2412296     40.31    946900   2289392    352332
00:43:30       296076   2998340    648132     16.67     77052   2667992   2412296     40.31    899480   2289512    245808
00:43:35       238284   2940556    705948     18.16     77056   2667996   2412296     40.31    922792   2289520    138548
00:43:40       227168   2929444    717124     18.45     77060   2667996   2412296     40.31    947236   2289524     30784
00:43:45      1278452   3040828    625064     16.08     77064   1734848   2412296     40.31    826564   1356380    115404
00:43:50       693036   2901804    763884     19.65     77076   2169488   2412296     40.31    904112   1790924    403624
00:43:55       602836   2897316    749156     19.27     77084   2271688   2412296     40.31    940616   1893220    452628
00:44:00       599400   3088688    576844     14.84     77092   2442608   2412296     40.31    725896   2064040    459712
00:44:05       501548   3047692    618128     15.90     77096   2497624   2412296     40.31    789352   2119068    468820
00:44:10       260568   2966480    699328     17.99     77104   2653040   2412296     40.31    828820   2274576    451996
00:44:15       232620   2934924    711420     18.30     77108   2668012   2412296     40.31    836508   2289588    359464
00:44:20       259492   2961800    684556     17.61     77116   2668008   2412296     40.31    896636   2289592    315504
00:44:25       262640   2964952    681364     17.53     77116   2668012   2412296     40.31    893912   2289596    204816
00:44:30       220692   2923016    723356     18.61     77124   2668016   2412296     40.31    947272   2289608     90148
00:44:35      1277164   2957924    688408     17.71     77132   1672688   2412296     40.31    947272   1294284        36
00:44:40       725208   2895256    770468     19.82     77140   2131572   2412296     40.31    947048   1753272    401636
00:44:45       592068   2888048    777424     20.00     77140   2254004   2412296     40.31    947152   1875600    446200
00:44:50       509444   2898996    766596     19.72     77156   2345196   2412296     40.31    947244   1966864    429976
00:44:55       493412   2988056    676896     17.41     77156   2447916   2412820     40.32    825096   2069008    451276
00:45:00       392840   2964820    700568     18.02     77168   2522952   2412296     40.31    907436   2144364    427432
00:45:05       206316   2904312    760900     19.58     77168   2645412   2412296     40.31    947124   2266780    445440
00:45:10       250984   2972544    692872     17.83     77172   2668024   2412296     40.31    906572   2289612    359564
00:45:15       236772   2958396    707068     18.19     77180   2668028   2412296     40.31    901596   2289676    250928
00:45:20       238712   2960348    705148     18.14     77188   2668032   2412296     40.31    876960   2289688    141444
00:45:25       266120   2987760    677732     17.44     77192   2668032   2412296     40.31    849236   2289692     94256
00:45:30      1285436   3014160    650764     16.74     77200   1702144   2412296     40.31    824084   1323504     82656
00:45:35       777388   3031228    634080     16.31     77208   2213364   2412296     40.31    851060   1834760    440332
00:45:40       608092   2934492    730868     18.80     77208   2283652   2412296     40.31    947200   1905180    443084
00:45:45       487048   2959888    705424     18.15     77216   2426300   2412296     40.31    816096   2047728    438240
00:45:50       403516   2946872    702344     18.07     77216   2510520   2412296     40.31    876208   2132204    440500
00:45:55       297204   2981368    667832     17.18     77228   2647728   2412296     40.31    818268   2269376    442588
00:46:00       259984   2965284    684020     17.60     77232   2668040   2412296     40.31    901712   2289740    368700
00:46:05       210772   2916080    733200     18.86     77236   2668044   2411896     40.31    946988   2289748    258180
Average:       469859   2972172    685298     17.63     77052   2462812   2404925     40.19    874338   2083501    333987
